  63  63
  0.0000  0.0159  0.0317  0.0476  0.0635  0.0794  0.0952  0.1111
  0.1270  0.1429  0.1587  0.1746  0.1905  0.2063  0.2222  0.2381
  0.2540  0.2698  0.2857  0.3016  0.3175  0.3333  0.3492  0.3651
  0.3810  0.3968  0.4127  0.4286  0.4444  0.4603  0.4762  0.4921
  0.5079  0.5238  0.5397  0.5556  0.5714  0.5873  0.6032  0.6190
  0.6349  0.6508  0.6667  0.6825  0.6984  0.7143  0.7302  0.7460
  0.7619  0.7778  0.7937  0.8095  0.8254  0.8413  0.8571  0.8730
  0.8889  0.9048  0.9206  0.9365  0.9524  0.9683  0.9841  1.0000
  0.0000  0.0159  0.0317  0.0476  0.0635  0.0794  0.0952  0.1111
  0.1270  0.1429  0.1587  0.1746  0.1905  0.2063  0.2222  0.2381
  0.2540  0.2698  0.2857  0.3016  0.3175  0.3333  0.3492  0.3651
  0.3810  0.3968  0.4127  0.4286  0.4444  0.4603  0.4762  0.4921
  0.5079  0.5238  0.5397  0.5556  0.5714  0.5873  0.6032  0.6190
  0.6349  0.6508  0.6667  0.6825  0.6984  0.7143  0.7302  0.7460
  0.7619  0.7778  0.7937  0.8095  0.8254  0.8413  0.8571  0.8730
  0.8889  0.9048  0.9206  0.9365  0.9524  0.9683  0.9841  1.0000
  0.3641E-03  0.4255E-03  0.6525E-03  0.1135E-02  0.1919E-02  0.2938E-02
  0.4002E-02  0.4874E-02  0.5364E-02  0.5406E-02  0.5065E-02  0.4488E-02
  0.3839E-02  0.3243E-02  0.2767E-02  0.2424E-02  0.2194E-02  0.2048E-02
  0.1955E-02  0.1895E-02  0.1855E-02  0.1826E-02  0.1806E-02  0.1793E-02
  0.1785E-02  0.1781E-02  0.1779E-02  0.1779E-02  0.1779E-02  0.1779E-02
  0.1779E-02  0.1779E-02  0.1779E-02  0.1779E-02  0.1779E-02  0.1779E-02
  0.1779E-02  0.1779E-02  0.1781E-02  0.1785E-02  0.1793E-02  0.1806E-02
  0.1826E-02  0.1855E-02  0.1895E-02  0.1955E-02  0.2048E-02  0.2194E-02
  0.2424E-02  0.2767E-02  0.3243E-02  0.3839E-02  0.4488E-02  0.5065E-02
  0.5406E-02  0.5364E-02  0.4874E-02  0.4002E-02  0.2938E-02  0.1919E-02
  0.1135E-02  0.6525E-03  0.4255E-03  0.3641E-03  0.2862E-03  0.3505E-03
  0.5842E-03  0.1071E-02  0.1854E-02  0.2863E-02  0.3912E-02  0.4768E-02
  0.5250E-02  0.5293E-02  0.4962E-02  0.4401E-02  0.3771E-02  0.3193E-02
  0.2731E-02  0.2398E-02  0.2176E-02  0.2034E-02  0.1945E-02  0.1887E-02
  0.1848E-02  0.1821E-02  0.1802E-02  0.1789E-02  0.1782E-02  0.1779E-02
  0.1777E-02  0.1777E-02  0.1778E-02  0.1778E-02  0.1779E-02  0.1779E-02
  0.1779E-02  0.1779E-02  0.1778E-02  0.1778E-02  0.1777E-02  0.1777E-02
  0.1779E-02  0.1782E-02  0.1789E-02  0.1802E-02  0.1821E-02  0.1848E-02
  0.1887E-02  0.1945E-02  0.2034E-02  0.2176E-02  0.2398E-02  0.2731E-02
  0.3193E-02  0.3771E-02  0.4401E-02  0.4962E-02  0.5293E-02  0.5250E-02
  0.4768E-02  0.3912E-02  0.2863E-02  0.1854E-02  0.1071E-02  0.5842E-03
  0.3505E-03  0.2862E-03  0.2143E-03  0.2825E-03  0.5221E-03  0.1004E-02
  0.1760E-02  0.2718E-02  0.3703E-02  0.4500E-02  0.4945E-02  0.4983E-02
  0.4675E-02  0.4158E-02  0.3578E-02  0.3048E-02  0.2627E-02  0.2324E-02
  0.2122E-02  0.1994E-02  0.1914E-02  0.1863E-02  0.1828E-02  0.1804E-02
  0.1789E-02  0.1779E-02  0.1774E-02  0.1772E-02  0.1772E-02  0.1774E-02
  0.1776E-02  0.1777E-02  0.1778E-02  0.1779E-02  0.1779E-02  0.1778E-02
  0.1777E-02  0.1776E-02  0.1774E-02  0.1772E-02  0.1772E-02  0.1774E-02
  0.1779E-02  0.1789E-02  0.1804E-02  0.1828E-02  0.1863E-02  0.1914E-02
  0.1994E-02  0.2122E-02  0.2324E-02  0.2627E-02  0.3048E-02  0.3578E-02
  0.4158E-02  0.4675E-02  0.4983E-02  0.4945E-02  0.4500E-02  0.3703E-02
  0.2718E-02  0.1760E-02  0.1004E-02  0.5221E-03  0.2825E-03  0.2143E-03
  0.5117E-03  0.5729E-03  0.7855E-03  0.1207E-02  0.1861E-02  0.2681E-02
  0.3515E-02  0.4181E-02  0.4539E-02  0.4546E-02  0.4260E-02  0.3799E-02
  0.3292E-02  0.2832E-02  0.2469E-02  0.2210E-02  0.2039E-02  0.1932E-02
  0.1865E-02  0.1824E-02  0.1796E-02  0.1778E-02  0.1767E-02  0.1762E-02
  0.1760E-02  0.1761E-02  0.1764E-02  0.1768E-02  0.1772E-02  0.1775E-02
  0.1777E-02  0.1779E-02  0.1779E-02  0.1777E-02  0.1775E-02  0.1772E-02
  0.1768E-02  0.1764E-02  0.1761E-02  0.1760E-02  0.1762E-02  0.1767E-02
  0.1778E-02  0.1796E-02  0.1824E-02  0.1865E-02  0.1932E-02  0.2039E-02
  0.2210E-02  0.2469E-02  0.2832E-02  0.3292E-02  0.3799E-02  0.4260E-02
  0.4546E-02  0.4539E-02  0.4181E-02  0.3515E-02  0.2681E-02  0.1861E-02
  0.1207E-02  0.7855E-03  0.5729E-03  0.5117E-03  0.1463E-02  0.1497E-02
  0.1623E-02  0.1893E-02  0.2332E-02  0.2896E-02  0.3470E-02  0.3914E-02
  0.4121E-02  0.4061E-02  0.3782E-02  0.3378E-02  0.2950E-02  0.2571E-02
  0.2276E-02  0.2069E-02  0.1934E-02  0.1852E-02  0.1802E-02  0.1772E-02
  0.1754E-02  0.1744E-02  0.1739E-02  0.1739E-02  0.1742E-02  0.1747E-02
  0.1754E-02  0.1761E-02  0.1767E-02  0.1772E-02  0.1776E-02  0.1778E-02
  0.1778E-02  0.1776E-02  0.1772E-02  0.1767E-02  0.1761E-02  0.1754E-02
  0.1747E-02  0.1742E-02  0.1739E-02  0.1739E-02  0.1744E-02  0.1754E-02
  0.1772E-02  0.1802E-02  0.1852E-02  0.1934E-02  0.2069E-02  0.2276E-02
  0.2571E-02  0.2950E-02  0.3378E-02  0.3782E-02  0.4061E-02  0.4121E-02
  0.3914E-02  0.3470E-02  0.2896E-02  0.2332E-02  0.1893E-02  0.1623E-02
  0.1497E-02  0.1463E-02  0.3037E-02  0.3021E-02  0.3001E-02  0.3031E-02
  0.3153E-02  0.3359E-02  0.3582E-02  0.3733E-02  0.3740E-02  0.3583E-02
  0.3294E-02  0.2941E-02  0.2592E-02  0.2293E-02  0.2068E-02  0.1914E-02
  0.1817E-02  0.1760E-02  0.1728E-02  0.1712E-02  0.1704E-02  0.1703E-02
  0.1706E-02  0.1712E-02  0.1721E-02  0.1731E-02  0.1742E-02  0.1752E-02
  0.1762E-02  0.1770E-02  0.1775E-02  0.1778E-02  0.1778E-02  0.1775E-02
  0.1770E-02  0.1762E-02  0.1752E-02  0.1742E-02  0.1731E-02  0.1721E-02
  0.1712E-02  0.1706E-02  0.1703E-02  0.1704E-02  0.1712E-02  0.1728E-02
  0.1760E-02  0.1817E-02  0.1914E-02  0.2068E-02  0.2293E-02  0.2592E-02
  0.2941E-02  0.3294E-02  0.3583E-02  0.3740E-02  0.3733E-02  0.3582E-02
  0.3359E-02  0.3153E-02  0.3031E-02  0.3001E-02  0.3021E-02  0.3037E-02
  0.4843E-02  0.4768E-02  0.4571E-02  0.4321E-02  0.4085E-02  0.3898E-02
  0.3747E-02  0.3590E-02  0.3390E-02  0.3130E-02  0.2828E-02  0.2521E-02
  0.2244E-02  0.2021E-02  0.1861E-02  0.1756E-02  0.1695E-02  0.1662E-02
  0.1648E-02  0.1645E-02  0.1648E-02  0.1656E-02  0.1667E-02  0.1681E-02
  0.1697E-02  0.1713E-02  0.1729E-02  0.1744E-02  0.1757E-02  0.1768E-02
  0.1775E-02  0.1779E-02  0.1779E-02  0.1775E-02  0.1768E-02  0.1757E-02
  0.1744E-02  0.1729E-02  0.1713E-02  0.1697E-02  0.1681E-02  0.1667E-02
  0.1656E-02  0.1648E-02  0.1645E-02  0.1648E-02  0.1662E-02  0.1695E-02
  0.1756E-02  0.1861E-02  0.2021E-02  0.2244E-02  0.2521E-02  0.2828E-02
  0.3130E-02  0.3390E-02  0.3590E-02  0.3747E-02  0.3898E-02  0.4085E-02
  0.4321E-02  0.4571E-02  0.4768E-02  0.4843E-02  0.6320E-02  0.6192E-02
  0.5838E-02  0.5340E-02  0.4793E-02  0.4270E-02  0.3805E-02  0.3397E-02
  0.3032E-02  0.2698E-02  0.2396E-02  0.2134E-02  0.1924E-02  0.1769E-02
  0.1666E-02  0.1604E-02  0.1573E-02  0.1562E-02  0.1564E-02  0.1573E-02
  0.1588E-02  0.1606E-02  0.1626E-02  0.1648E-02  0.1671E-02  0.1694E-02
  0.1715E-02  0.1735E-02  0.1753E-02  0.1767E-02  0.1777E-02  0.1782E-02
  0.1782E-02  0.1777E-02  0.1767E-02  0.1753E-02  0.1735E-02  0.1715E-02
  0.1694E-02  0.1671E-02  0.1648E-02  0.1626E-02  0.1606E-02  0.1588E-02
  0.1573E-02  0.1564E-02  0.1562E-02  0.1573E-02  0.1604E-02  0.1666E-02
  0.1769E-02  0.1924E-02  0.2134E-02  0.2396E-02  0.2698E-02  0.3032E-02
  0.3397E-02  0.3805E-02  0.4270E-02  0.4793E-02  0.5340E-02  0.5838E-02
  0.6192E-02  0.6320E-02  0.7008E-02  0.6847E-02  0.6398E-02  0.5749E-02
  0.5012E-02  0.4286E-02  0.3634E-02  0.3084E-02  0.2636E-02  0.2279E-02
  0.2001E-02  0.1792E-02  0.1643E-02  0.1546E-02  0.1490E-02  0.1463E-02
  0.1457E-02  0.1464E-02  0.1480E-02  0.1500E-02  0.1525E-02  0.1553E-02
  0.1582E-02  0.1613E-02  0.1644E-02  0.1674E-02  0.1703E-02  0.1729E-02
  0.1751E-02  0.1769E-02  0.1781E-02  0.1788E-02  0.1788E-02  0.1781E-02
  0.1769E-02  0.1751E-02  0.1729E-02  0.1703E-02  0.1674E-02  0.1644E-02
  0.1613E-02  0.1582E-02  0.1553E-02  0.1525E-02  0.1500E-02  0.1480E-02
  0.1464E-02  0.1457E-02  0.1463E-02  0.1490E-02  0.1546E-02  0.1643E-02
  0.1792E-02  0.2001E-02  0.2279E-02  0.2636E-02  0.3084E-02  0.3634E-02
  0.4286E-02  0.5012E-02  0.5749E-02  0.6398E-02  0.6847E-02  0.7008E-02
  0.6750E-02  0.6585E-02  0.6120E-02  0.5444E-02  0.4669E-02  0.3899E-02
  0.3211E-02  0.2643E-02  0.2202E-02  0.1878E-02  0.1650E-02  0.1499E-02
  0.1406E-02  0.1356E-02  0.1336E-02  0.1336E-02  0.1349E-02  0.1370E-02
  0.1397E-02  0.1428E-02  0.1462E-02  0.1499E-02  0.1538E-02  0.1578E-02
  0.1618E-02  0.1656E-02  0.1692E-02  0.1724E-02  0.1752E-02  0.1774E-02
  0.1790E-02  0.1798E-02  0.1798E-02  0.1790E-02  0.1774E-02  0.1752E-02
  0.1724E-02  0.1692E-02  0.1656E-02  0.1618E-02  0.1578E-02  0.1538E-02
  0.1499E-02  0.1462E-02  0.1428E-02  0.1397E-02  0.1370E-02  0.1349E-02
  0.1336E-02  0.1336E-02  0.1356E-02  0.1406E-02  0.1499E-02  0.1650E-02
  0.1878E-02  0.2202E-02  0.2643E-02  0.3211E-02  0.3899E-02  0.4669E-02
  0.5444E-02  0.6120E-02  0.6585E-02  0.6750E-02  0.5722E-02  0.5577E-02
  0.5168E-02  0.4573E-02  0.3889E-02  0.3212E-02  0.2612E-02  0.2127E-02
  0.1764E-02  0.1512E-02  0.1351E-02  0.1258E-02  0.1212E-02  0.1198E-02
  0.1205E-02  0.1224E-02  0.1251E-02  0.1282E-02  0.1318E-02  0.1357E-02
  0.1400E-02  0.1446E-02  0.1494E-02  0.1543E-02  0.1592E-02  0.1639E-02
  0.1683E-02  0.1723E-02  0.1757E-02  0.1785E-02  0.1804E-02  0.1814E-02
  0.1814E-02  0.1804E-02  0.1785E-02  0.1757E-02  0.1723E-02  0.1683E-02
  0.1639E-02  0.1592E-02  0.1543E-02  0.1494E-02  0.1446E-02  0.1400E-02
  0.1357E-02  0.1318E-02  0.1282E-02  0.1251E-02  0.1224E-02  0.1205E-02
  0.1198E-02  0.1212E-02  0.1258E-02  0.1351E-02  0.1512E-02  0.1764E-02
  0.2127E-02  0.2612E-02  0.3212E-02  0.3889E-02  0.4573E-02  0.5168E-02
  0.5577E-02  0.5722E-02  0.4306E-02  0.4195E-02  0.3886E-02  0.3435E-02
  0.2919E-02  0.2413E-02  0.1970E-02  0.1621E-02  0.1370E-02  0.1207E-02
  0.1114E-02  0.1071E-02  0.1062E-02  0.1073E-02  0.1097E-02  0.1128E-02
  0.1163E-02  0.1201E-02  0.1244E-02  0.1290E-02  0.1340E-02  0.1394E-02
  0.1451E-02  0.1509E-02  0.1568E-02  0.1624E-02  0.1678E-02  0.1726E-02
  0.1768E-02  0.1802E-02  0.1826E-02  0.1838E-02  0.1838E-02  0.1826E-02
  0.1802E-02  0.1768E-02  0.1726E-02  0.1678E-02  0.1624E-02  0.1568E-02
  0.1509E-02  0.1451E-02  0.1394E-02  0.1340E-02  0.1290E-02  0.1244E-02
  0.1201E-02  0.1163E-02  0.1128E-02  0.1097E-02  0.1073E-02  0.1062E-02
  0.1071E-02  0.1114E-02  0.1207E-02  0.1370E-02  0.1621E-02  0.1970E-02
  0.2413E-02  0.2919E-02  0.3435E-02  0.3886E-02  0.4195E-02  0.4306E-02
  0.2909E-02  0.2837E-02  0.2634E-02  0.2342E-02  0.2010E-02  0.1689E-02
  0.1414E-02  0.1206E-02  0.1064E-02  0.9818E-03  0.9446E-03  0.9387E-03
  0.9527E-03  0.9783E-03  0.1010E-02  0.1047E-02  0.1086E-02  0.1129E-02
  0.1176E-02  0.1227E-02  0.1284E-02  0.1346E-02  0.1411E-02  0.1478E-02
  0.1546E-02  0.1613E-02  0.1677E-02  0.1736E-02  0.1787E-02  0.1828E-02
  0.1856E-02  0.1871E-02  0.1871E-02  0.1856E-02  0.1828E-02  0.1787E-02
  0.1736E-02  0.1677E-02  0.1613E-02  0.1546E-02  0.1478E-02  0.1411E-02
  0.1346E-02  0.1284E-02  0.1227E-02  0.1176E-02  0.1129E-02  0.1086E-02
  0.1047E-02  0.1010E-02  0.9783E-03  0.9527E-03  0.9387E-03  0.9446E-03
  0.9818E-03  0.1064E-02  0.1206E-02  0.1414E-02  0.1689E-02  0.2010E-02
  0.2342E-02  0.2634E-02  0.2837E-02  0.2909E-02  0.1824E-02  0.1784E-02
  0.1673E-02  0.1513E-02  0.1335E-02  0.1168E-02  0.1030E-02  0.9319E-03
  0.8728E-03  0.8465E-03  0.8444E-03  0.8583E-03  0.8819E-03  0.9112E-03
  0.9442E-03  0.9804E-03  0.1020E-02  0.1064E-02  0.1114E-02  0.1170E-02
  0.1233E-02  0.1301E-02  0.1374E-02  0.1451E-02  0.1529E-02  0.1607E-02
  0.1683E-02  0.1753E-02  0.1815E-02  0.1866E-02  0.1901E-02  0.1920E-02
  0.1920E-02  0.1901E-02  0.1866E-02  0.1815E-02  0.1753E-02  0.1683E-02
  0.1607E-02  0.1529E-02  0.1451E-02  0.1374E-02  0.1301E-02  0.1233E-02
  0.1170E-02  0.1114E-02  0.1064E-02  0.1020E-02  0.9804E-03  0.9442E-03
  0.9112E-03  0.8819E-03  0.8583E-03  0.8444E-03  0.8465E-03  0.8728E-03
  0.9319E-03  0.1030E-02  0.1168E-02  0.1335E-02  0.1513E-02  0.1673E-02
  0.1784E-02  0.1824E-02  0.1181E-02  0.1163E-02  0.1114E-02  0.1044E-02
  0.9687E-03  0.9008E-03  0.8489E-03  0.8164E-03  0.8019E-03  0.8016E-03
  0.8112E-03  0.8272E-03  0.8474E-03  0.8709E-03  0.8978E-03  0.9292E-03
  0.9660E-03  0.1009E-02  0.1060E-02  0.1119E-02  0.1186E-02  0.1260E-02
  0.1341E-02  0.1427E-02  0.1516E-02  0.1608E-02  0.1698E-02  0.1784E-02
  0.1861E-02  0.1924E-02  0.1970E-02  0.1993E-02  0.1993E-02  0.1970E-02
  0.1924E-02  0.1861E-02  0.1784E-02  0.1698E-02  0.1608E-02  0.1516E-02
  0.1427E-02  0.1341E-02  0.1260E-02  0.1186E-02  0.1119E-02  0.1060E-02
  0.1009E-02  0.9660E-03  0.9292E-03  0.8978E-03  0.8709E-03  0.8474E-03
  0.8272E-03  0.8112E-03  0.8016E-03  0.8019E-03  0.8164E-03  0.8489E-03
  0.9008E-03  0.9687E-03  0.1044E-02  0.1114E-02  0.1163E-02  0.1181E-02
  0.9783E-03  0.9719E-03  0.9543E-03  0.9299E-03  0.9039E-03  0.8808E-03
  0.8632E-03  0.8515E-03  0.8450E-03  0.8420E-03  0.8416E-03  0.8435E-03
  0.8483E-03  0.8571E-03  0.8716E-03  0.8932E-03  0.9234E-03  0.9631E-03
  0.1013E-02  0.1073E-02  0.1143E-02  0.1223E-02  0.1312E-02  0.1408E-02
  0.1512E-02  0.1620E-02  0.1730E-02  0.1837E-02  0.1935E-02  0.2018E-02
  0.2077E-02  0.2109E-02  0.2109E-02  0.2077E-02  0.2018E-02  0.1935E-02
  0.1837E-02  0.1730E-02  0.1620E-02  0.1512E-02  0.1408E-02  0.1312E-02
  0.1223E-02  0.1143E-02  0.1073E-02  0.1013E-02  0.9631E-03  0.9234E-03
  0.8932E-03  0.8716E-03  0.8571E-03  0.8483E-03  0.8435E-03  0.8416E-03
  0.8420E-03  0.8450E-03  0.8515E-03  0.8632E-03  0.8808E-03  0.9039E-03
  0.9299E-03  0.9543E-03  0.9719E-03  0.9783E-03  0.1151E-02  0.1147E-02
  0.1136E-02  0.1119E-02  0.1098E-02  0.1074E-02  0.1048E-02  0.1020E-02
  0.9914E-03  0.9619E-03  0.9330E-03  0.9066E-03  0.8850E-03  0.8707E-03
  0.8660E-03  0.8729E-03  0.8924E-03  0.9253E-03  0.9716E-03  0.1031E-02
  0.1104E-02  0.1189E-02  0.1288E-02  0.1398E-02  0.1521E-02  0.1653E-02
  0.1790E-02  0.1928E-02  0.2057E-02  0.2167E-02  0.2248E-02  0.2291E-02
  0.2291E-02  0.2248E-02  0.2167E-02  0.2057E-02  0.1928E-02  0.1790E-02
  0.1653E-02  0.1521E-02  0.1398E-02  0.1288E-02  0.1189E-02  0.1104E-02
  0.1031E-02  0.9716E-03  0.9253E-03  0.8924E-03  0.8729E-03  0.8660E-03
  0.8707E-03  0.8850E-03  0.9066E-03  0.9330E-03  0.9619E-03  0.9914E-03
  0.1020E-02  0.1048E-02  0.1074E-02  0.1098E-02  0.1119E-02  0.1136E-02
  0.1147E-02  0.1151E-02  0.1633E-02  0.1625E-02  0.1601E-02  0.1563E-02
  0.1513E-02  0.1452E-02  0.1384E-02  0.1310E-02  0.1234E-02  0.1158E-02
  0.1084E-02  0.1017E-02  0.9584E-03  0.9124E-03  0.8817E-03  0.8680E-03
  0.8724E-03  0.8949E-03  0.9352E-03  0.9928E-03  0.1068E-02  0.1160E-02
  0.1271E-02  0.1401E-02  0.1550E-02  0.1715E-02  0.1892E-02  0.2073E-02
  0.2247E-02  0.2399E-02  0.2512E-02  0.2572E-02  0.2572E-02  0.2512E-02
  0.2399E-02  0.2247E-02  0.2073E-02  0.1892E-02  0.1715E-02  0.1550E-02
  0.1401E-02  0.1271E-02  0.1160E-02  0.1068E-02  0.9928E-03  0.9352E-03
  0.8949E-03  0.8724E-03  0.8680E-03  0.8817E-03  0.9124E-03  0.9584E-03
  0.1017E-02  0.1084E-02  0.1158E-02  0.1234E-02  0.1310E-02  0.1384E-02
  0.1452E-02  0.1513E-02  0.1563E-02  0.1601E-02  0.1625E-02  0.1633E-02
  0.2398E-02  0.2380E-02  0.2327E-02  0.2243E-02  0.2134E-02  0.2005E-02
  0.1865E-02  0.1719E-02  0.1572E-02  0.1430E-02  0.1297E-02  0.1175E-02
  0.1069E-02  0.9826E-03  0.9182E-03  0.8779E-03  0.8623E-03  0.8708E-03
  0.9027E-03  0.9576E-03  0.1036E-02  0.1139E-02  0.1268E-02  0.1424E-02
  0.1609E-02  0.1820E-02  0.2051E-02  0.2292E-02  0.2528E-02  0.2736E-02
  0.2893E-02  0.2978E-02  0.2978E-02  0.2893E-02  0.2736E-02  0.2528E-02
  0.2292E-02  0.2051E-02  0.1820E-02  0.1609E-02  0.1424E-02  0.1268E-02
  0.1139E-02  0.1036E-02  0.9576E-03  0.9027E-03  0.8708E-03  0.8623E-03
  0.8779E-03  0.9182E-03  0.9826E-03  0.1069E-02  0.1175E-02  0.1297E-02
  0.1430E-02  0.1572E-02  0.1719E-02  0.1865E-02  0.2005E-02  0.2134E-02
  0.2243E-02  0.2327E-02  0.2380E-02  0.2398E-02  0.3467E-02  0.3433E-02
  0.3335E-02  0.3180E-02  0.2981E-02  0.2752E-02  0.2507E-02  0.2258E-02
  0.2015E-02  0.1785E-02  0.1573E-02  0.1382E-02  0.1217E-02  0.1080E-02
  0.9744E-03  0.9011E-03  0.8605E-03  0.8515E-03  0.8735E-03  0.9262E-03
  0.1011E-02  0.1129E-02  0.1284E-02  0.1478E-02  0.1710E-02  0.1978E-02
  0.2277E-02  0.2593E-02  0.2906E-02  0.3185E-02  0.3398E-02  0.3514E-02
  0.3514E-02  0.3398E-02  0.3185E-02  0.2906E-02  0.2593E-02  0.2277E-02
  0.1978E-02  0.1710E-02  0.1478E-02  0.1284E-02  0.1129E-02  0.1011E-02
  0.9262E-03  0.8735E-03  0.8515E-03  0.8605E-03  0.9011E-03  0.9744E-03
  0.1080E-02  0.1217E-02  0.1382E-02  0.1573E-02  0.1785E-02  0.2015E-02
  0.2258E-02  0.2507E-02  0.2752E-02  0.2981E-02  0.3180E-02  0.3335E-02
  0.3433E-02  0.3467E-02  0.4891E-02  0.4836E-02  0.4674E-02  0.4421E-02
  0.4098E-02  0.3729E-02  0.3339E-02  0.2949E-02  0.2575E-02  0.2229E-02
  0.1915E-02  0.1638E-02  0.1400E-02  0.1203E-02  0.1048E-02  0.9354E-03
  0.8651E-03  0.8361E-03  0.8478E-03  0.9011E-03  0.9977E-03  0.1140E-02
  0.1332E-02  0.1572E-02  0.1861E-02  0.2195E-02  0.2566E-02  0.2962E-02
  0.3358E-02  0.3716E-02  0.3993E-02  0.4144E-02  0.4144E-02  0.3993E-02
  0.3716E-02  0.3358E-02  0.2962E-02  0.2566E-02  0.2195E-02  0.1861E-02
  0.1572E-02  0.1332E-02  0.1140E-02  0.9977E-03  0.9011E-03  0.8478E-03
  0.8361E-03  0.8651E-03  0.9354E-03  0.1048E-02  0.1203E-02  0.1400E-02
  0.1638E-02  0.1915E-02  0.2229E-02  0.2575E-02  0.2949E-02  0.3339E-02
  0.3729E-02  0.4098E-02  0.4421E-02  0.4674E-02  0.4836E-02  0.4891E-02
  0.6716E-02  0.6633E-02  0.6393E-02  0.6014E-02  0.5530E-02  0.4978E-02
  0.4396E-02  0.3818E-02  0.3271E-02  0.2772E-02  0.2327E-02  0.1942E-02
  0.1616E-02  0.1347E-02  0.1135E-02  0.9778E-03  0.8742E-03  0.8237E-03
  0.8272E-03  0.8868E-03  0.1005E-02  0.1185E-02  0.1424E-02  0.1721E-02
  0.2068E-02  0.2461E-02  0.2893E-02  0.3355E-02  0.3821E-02  0.4250E-02
  0.4586E-02  0.4771E-02  0.4771E-02  0.4586E-02  0.4250E-02  0.3821E-02
  0.3355E-02  0.2893E-02  0.2461E-02  0.2068E-02  0.1721E-02  0.1424E-02
  0.1185E-02  0.1005E-02  0.8868E-03  0.8272E-03  0.8237E-03  0.8742E-03
  0.9778E-03  0.1135E-02  0.1347E-02  0.1616E-02  0.1942E-02  0.2327E-02
  0.2772E-02  0.3271E-02  0.3818E-02  0.4396E-02  0.4978E-02  0.5530E-02
  0.6014E-02  0.6393E-02  0.6633E-02  0.6716E-02  0.8924E-02  0.8812E-02
  0.8484E-02  0.7964E-02  0.7292E-02  0.6518E-02  0.5699E-02  0.4884E-02
  0.4116E-02  0.3421E-02  0.2813E-02  0.2294E-02  0.1862E-02  0.1510E-02
  0.1233E-02  0.1025E-02  0.8859E-03  0.8146E-03  0.8147E-03  0.8908E-03
  0.1046E-02  0.1279E-02  0.1581E-02  0.1937E-02  0.2333E-02  0.2759E-02
  0.3213E-02  0.3695E-02  0.4192E-02  0.4661E-02  0.5037E-02  0.5248E-02
  0.5248E-02  0.5037E-02  0.4661E-02  0.4192E-02  0.3695E-02  0.3213E-02
  0.2759E-02  0.2333E-02  0.1937E-02  0.1581E-02  0.1279E-02  0.1046E-02
  0.8908E-03  0.8147E-03  0.8146E-03  0.8859E-03  0.1025E-02  0.1233E-02
  0.1510E-02  0.1862E-02  0.2294E-02  0.2813E-02  0.3421E-02  0.4116E-02
  0.4884E-02  0.5699E-02  0.6518E-02  0.7292E-02  0.7964E-02  0.8484E-02
  0.8812E-02  0.8924E-02  0.1137E-01  0.1124E-01  0.1083E-01  0.1019E-01
  0.9330E-02  0.8323E-02  0.7237E-02  0.6145E-02  0.5111E-02  0.4179E-02
  0.3370E-02  0.2691E-02  0.2134E-02  0.1687E-02  0.1337E-02  0.1076E-02
  0.8990E-03  0.8099E-03  0.8154E-03  0.9231E-03  0.1135E-02  0.1443E-02
  0.1822E-02  0.2237E-02  0.2656E-02  0.3064E-02  0.3471E-02  0.3898E-02
  0.4354E-02  0.4808E-02  0.5190E-02  0.5411E-02  0.5411E-02  0.5190E-02
  0.4808E-02  0.4354E-02  0.3898E-02  0.3471E-02  0.3064E-02  0.2656E-02
  0.2237E-02  0.1822E-02  0.1443E-02  0.1135E-02  0.9231E-03  0.8154E-03
  0.8099E-03  0.8990E-03  0.1076E-02  0.1337E-02  0.1687E-02  0.2134E-02
  0.2691E-02  0.3370E-02  0.4179E-02  0.5111E-02  0.6145E-02  0.7237E-02
  0.8323E-02  0.9330E-02  0.1019E-01  0.1083E-01  0.1124E-01  0.1137E-01
  0.1374E-01  0.1360E-01  0.1318E-01  0.1247E-01  0.1149E-01  0.1029E-01
  0.8951E-02  0.7569E-02  0.6239E-02  0.5034E-02  0.3994E-02  0.3129E-02
  0.2429E-02  0.1875E-02  0.1445E-02  0.1126E-02  0.9130E-03  0.8118E-03
  0.8353E-03  0.9951E-03  0.1291E-02  0.1699E-02  0.2169E-02  0.2636E-02
  0.3040E-02  0.3361E-02  0.3627E-02  0.3897E-02  0.4221E-02  0.4592E-02
  0.4935E-02  0.5146E-02  0.5146E-02  0.4935E-02  0.4592E-02  0.4221E-02
  0.3897E-02  0.3627E-02  0.3361E-02  0.3040E-02  0.2636E-02  0.2169E-02
  0.1699E-02  0.1291E-02  0.9951E-03  0.8353E-03  0.8118E-03  0.9130E-03
  0.1126E-02  0.1445E-02  0.1875E-02  0.2429E-02  0.3129E-02  0.3994E-02
  0.5034E-02  0.6239E-02  0.7569E-02  0.8951E-02  0.1029E-01  0.1149E-01
  0.1247E-01  0.1318E-01  0.1360E-01  0.1374E-01  0.1557E-01  0.1546E-01
  0.1512E-01  0.1449E-01  0.1353E-01  0.1225E-01  0.1073E-01  0.9082E-02
  0.7457E-02  0.5963E-02  0.4668E-02  0.3597E-02  0.2739E-02  0.2067E-02
  0.1553E-02  0.1175E-02  0.9279E-03  0.8232E-03  0.8805E-03  0.1117E-02
  0.1526E-02  0.2063E-02  0.2641E-02  0.3149E-02  0.3495E-02  0.3650E-02
  0.3674E-02  0.3682E-02  0.3782E-02  0.4002E-02  0.4268E-02  0.4451E-02
  0.4451E-02  0.4268E-02  0.4002E-02  0.3782E-02  0.3682E-02  0.3674E-02
  0.3650E-02  0.3495E-02  0.3149E-02  0.2641E-02  0.2063E-02  0.1526E-02
  0.1117E-02  0.8805E-03  0.8232E-03  0.9279E-03  0.1175E-02  0.1553E-02
  0.2067E-02  0.2739E-02  0.3597E-02  0.4668E-02  0.5963E-02  0.7457E-02
  0.9082E-02  0.1073E-01  0.1225E-01  0.1353E-01  0.1449E-01  0.1512E-01
  0.1546E-01  0.1557E-01  0.1635E-01  0.1634E-01  0.1623E-01  0.1588E-01
  0.1516E-01  0.1398E-01  0.1240E-01  0.1058E-01  0.8695E-02  0.6920E-02
  0.5366E-02  0.4079E-02  0.3054E-02  0.2259E-02  0.1657E-02  0.1220E-02
  0.9443E-03  0.8460E-03  0.9545E-03  0.1292E-02  0.1844E-02  0.2539E-02
  0.3241E-02  0.3782E-02  0.4031E-02  0.3954E-02  0.3651E-02  0.3313E-02
  0.3121E-02  0.3146E-02  0.3311E-02  0.3458E-02  0.3458E-02  0.3311E-02
  0.3146E-02  0.3121E-02  0.3313E-02  0.3651E-02  0.3954E-02  0.4031E-02
  0.3782E-02  0.3241E-02  0.2539E-02  0.1844E-02  0.1292E-02  0.9545E-03
  0.8460E-03  0.9443E-03  0.1220E-02  0.1657E-02  0.2259E-02  0.3054E-02
  0.4079E-02  0.5366E-02  0.6920E-02  0.8695E-02  0.1058E-01  0.1240E-01
  0.1398E-01  0.1516E-01  0.1588E-01  0.1623E-01  0.1634E-01  0.1635E-01
  0.1576E-01  0.1590E-01  0.1619E-01  0.1636E-01  0.1612E-01  0.1528E-01
  0.1383E-01  0.1195E-01  0.9871E-02  0.7849E-02  0.6049E-02  0.4550E-02
  0.3359E-02  0.2442E-02  0.1753E-02  0.1261E-02  0.9622E-03  0.8803E-03
  0.1055E-02  0.1514E-02  0.2233E-02  0.3107E-02  0.3945E-02  0.4517E-02
  0.4645E-02  0.4297E-02  0.3623E-02  0.2898E-02  0.2388E-02  0.2208E-02
  0.2276E-02  0.2390E-02  0.2390E-02  0.2276E-02  0.2208E-02  0.2388E-02
  0.2898E-02  0.3623E-02  0.4297E-02  0.4645E-02  0.4517E-02  0.3945E-02
  0.3107E-02  0.2233E-02  0.1514E-02  0.1055E-02  0.8803E-03  0.9622E-03
  0.1261E-02  0.1753E-02  0.2442E-02  0.3359E-02  0.4550E-02  0.6049E-02
  0.7849E-02  0.9871E-02  0.1195E-01  0.1383E-01  0.1528E-01  0.1612E-01
  0.1636E-01  0.1619E-01  0.1590E-01  0.1576E-01  0.1385E-01  0.1418E-01
  0.1501E-01  0.1589E-01  0.1635E-01  0.1605E-01  0.1490E-01  0.1308E-01
  0.1090E-01  0.8686E-02  0.6672E-02  0.4981E-02  0.3637E-02  0.2605E-02
  0.1837E-02  0.1296E-02  0.9811E-03  0.9229E-03  0.1172E-02  0.1762E-02
  0.2657E-02  0.3718E-02  0.4696E-02  0.5300E-02  0.5307E-02  0.4687E-02
  0.3646E-02  0.2548E-02  0.1742E-02  0.1383E-02  0.1376E-02  0.1473E-02
  0.1473E-02  0.1376E-02  0.1383E-02  0.1742E-02  0.2548E-02  0.3646E-02
  0.4687E-02  0.5307E-02  0.5300E-02  0.4696E-02  0.3718E-02  0.2657E-02
  0.1762E-02  0.1172E-02  0.9229E-03  0.9811E-03  0.1296E-02  0.1837E-02
  0.2605E-02  0.3637E-02  0.4981E-02  0.6672E-02  0.8686E-02  0.1090E-01
  0.1308E-01  0.1490E-01  0.1605E-01  0.1635E-01  0.1589E-01  0.1501E-01
  0.1418E-01  0.1385E-01  0.1113E-01  0.1168E-01  0.1308E-01  0.1476E-01
  0.1601E-01  0.1634E-01  0.1559E-01  0.1392E-01  0.1172E-01  0.9370E-02
  0.7190E-02  0.5341E-02  0.3868E-02  0.2740E-02  0.1905E-02  0.1325E-02
  0.9989E-03  0.9672E-03  0.1289E-02  0.2002E-02  0.3062E-02  0.4296E-02
  0.5405E-02  0.6040E-02  0.5944E-02  0.5089E-02  0.3734E-02  0.2324E-02
  0.1280E-02  0.7917E-03  0.7427E-03  0.8380E-03  0.8380E-03  0.7427E-03
  0.7917E-03  0.1280E-02  0.2324E-02  0.3734E-02  0.5089E-02  0.5944E-02
  0.6040E-02  0.5405E-02  0.4296E-02  0.3062E-02  0.2002E-02  0.1289E-02
  0.9672E-03  0.9989E-03  0.1325E-02  0.1905E-02  0.2740E-02  0.3868E-02
  0.5341E-02  0.7190E-02  0.9370E-02  0.1172E-01  0.1392E-01  0.1559E-01
  0.1634E-01  0.1601E-01  0.1476E-01  0.1308E-01  0.1168E-01  0.1113E-01
  0.8499E-02  0.9228E-02  0.1113E-01  0.1348E-01  0.1543E-01  0.1633E-01
  0.1595E-01  0.1446E-01  0.1227E-01  0.9853E-02  0.7560E-02  0.5600E-02
  0.4033E-02  0.2835E-02  0.1952E-02  0.1344E-02  0.1013E-02  0.1004E-02
  0.1384E-02  0.2194E-02  0.3382E-02  0.4751E-02  0.5963E-02  0.6626E-02
  0.6456E-02  0.5431E-02  0.3851E-02  0.2221E-02  0.1019E-02  0.4520E-03
  0.3884E-03  0.4923E-03  0.4923E-03  0.3884E-03  0.4520E-03  0.1019E-02
  0.2221E-02  0.3851E-02  0.5431E-02  0.6456E-02  0.6626E-02  0.5963E-02
  0.4751E-02  0.3382E-02  0.2194E-02  0.1384E-02  0.1004E-02  0.1013E-02
  0.1344E-02  0.1952E-02  0.2835E-02  0.4033E-02  0.5600E-02  0.7560E-02
  0.9853E-02  0.1227E-01  0.1446E-01  0.1595E-01  0.1633E-01  0.1543E-01
  0.1348E-01  0.1113E-01  0.9228E-02  0.8499E-02  0.6882E-02  0.7718E-02
  0.9909E-02  0.1266E-01  0.1501E-01  0.1625E-01  0.1610E-01  0.1472E-01
  0.1256E-01  0.1010E-01  0.7753E-02  0.5735E-02  0.4120E-02  0.2885E-02
  0.1976E-02  0.1354E-02  0.1021E-02  0.1025E-02  0.1438E-02  0.2302E-02
  0.3560E-02  0.5003E-02  0.6271E-02  0.6951E-02  0.6743E-02  0.5630E-02
  0.3933E-02  0.2192E-02  0.9108E-03  0.3098E-03  0.2446E-03  0.3566E-03
  0.3566E-03  0.2446E-03  0.3098E-03  0.9108E-03  0.2192E-02  0.3933E-02
  0.5630E-02  0.6743E-02  0.6951E-02  0.6271E-02  0.5003E-02  0.3560E-02
  0.2302E-02  0.1438E-02  0.1025E-02  0.1021E-02  0.1354E-02  0.1976E-02
  0.2885E-02  0.4120E-02  0.5735E-02  0.7753E-02  0.1010E-01  0.1256E-01
  0.1472E-01  0.1610E-01  0.1625E-01  0.1501E-01  0.1266E-01  0.9909E-02
  0.7718E-02  0.6882E-02  0.6882E-02  0.7718E-02  0.9909E-02  0.1266E-01
  0.1501E-01  0.1625E-01  0.1610E-01  0.1472E-01  0.1256E-01  0.1010E-01
  0.7753E-02  0.5735E-02  0.4120E-02  0.2885E-02  0.1976E-02  0.1354E-02
  0.1021E-02  0.1025E-02  0.1438E-02  0.2302E-02  0.3560E-02  0.5003E-02
  0.6271E-02  0.6951E-02  0.6743E-02  0.5630E-02  0.3933E-02  0.2192E-02
  0.9108E-03  0.3098E-03  0.2446E-03  0.3566E-03  0.3566E-03  0.2446E-03
  0.3098E-03  0.9108E-03  0.2192E-02  0.3933E-02  0.5630E-02  0.6743E-02
  0.6951E-02  0.6271E-02  0.5003E-02  0.3560E-02  0.2302E-02  0.1438E-02
  0.1025E-02  0.1021E-02  0.1354E-02  0.1976E-02  0.2885E-02  0.4120E-02
  0.5735E-02  0.7753E-02  0.1010E-01  0.1256E-01  0.1472E-01  0.1610E-01
  0.1625E-01  0.1501E-01  0.1266E-01  0.9909E-02  0.7718E-02  0.6882E-02
  0.8499E-02  0.9228E-02  0.1113E-01  0.1348E-01  0.1543E-01  0.1633E-01
  0.1595E-01  0.1446E-01  0.1227E-01  0.9853E-02  0.7560E-02  0.5600E-02
  0.4033E-02  0.2835E-02  0.1952E-02  0.1344E-02  0.1013E-02  0.1004E-02
  0.1384E-02  0.2194E-02  0.3382E-02  0.4751E-02  0.5963E-02  0.6626E-02
  0.6456E-02  0.5431E-02  0.3851E-02  0.2221E-02  0.1019E-02  0.4520E-03
  0.3884E-03  0.4923E-03  0.4923E-03  0.3884E-03  0.4520E-03  0.1019E-02
  0.2221E-02  0.3851E-02  0.5431E-02  0.6456E-02  0.6626E-02  0.5963E-02
  0.4751E-02  0.3382E-02  0.2194E-02  0.1384E-02  0.1004E-02  0.1013E-02
  0.1344E-02  0.1952E-02  0.2835E-02  0.4033E-02  0.5600E-02  0.7560E-02
  0.9853E-02  0.1227E-01  0.1446E-01  0.1595E-01  0.1633E-01  0.1543E-01
  0.1348E-01  0.1113E-01  0.9228E-02  0.8499E-02  0.1113E-01  0.1168E-01
  0.1308E-01  0.1476E-01  0.1601E-01  0.1634E-01  0.1559E-01  0.1392E-01
  0.1172E-01  0.9370E-02  0.7190E-02  0.5341E-02  0.3868E-02  0.2740E-02
  0.1905E-02  0.1325E-02  0.9989E-03  0.9672E-03  0.1289E-02  0.2002E-02
  0.3062E-02  0.4296E-02  0.5405E-02  0.6040E-02  0.5944E-02  0.5089E-02
  0.3734E-02  0.2324E-02  0.1280E-02  0.7917E-03  0.7427E-03  0.8380E-03
  0.8380E-03  0.7427E-03  0.7917E-03  0.1280E-02  0.2324E-02  0.3734E-02
  0.5089E-02  0.5944E-02  0.6040E-02  0.5405E-02  0.4296E-02  0.3062E-02
  0.2002E-02  0.1289E-02  0.9672E-03  0.9989E-03  0.1325E-02  0.1905E-02
  0.2740E-02  0.3868E-02  0.5341E-02  0.7190E-02  0.9370E-02  0.1172E-01
  0.1392E-01  0.1559E-01  0.1634E-01  0.1601E-01  0.1476E-01  0.1308E-01
  0.1168E-01  0.1113E-01  0.1385E-01  0.1418E-01  0.1501E-01  0.1589E-01
  0.1635E-01  0.1605E-01  0.1490E-01  0.1308E-01  0.1090E-01  0.8686E-02
  0.6672E-02  0.4981E-02  0.3637E-02  0.2605E-02  0.1837E-02  0.1296E-02
  0.9811E-03  0.9229E-03  0.1172E-02  0.1762E-02  0.2657E-02  0.3718E-02
  0.4696E-02  0.5300E-02  0.5307E-02  0.4687E-02  0.3646E-02  0.2548E-02
  0.1742E-02  0.1383E-02  0.1376E-02  0.1473E-02  0.1473E-02  0.1376E-02
  0.1383E-02  0.1742E-02  0.2548E-02  0.3646E-02  0.4687E-02  0.5307E-02
  0.5300E-02  0.4696E-02  0.3718E-02  0.2657E-02  0.1762E-02  0.1172E-02
  0.9229E-03  0.9811E-03  0.1296E-02  0.1837E-02  0.2605E-02  0.3637E-02
  0.4981E-02  0.6672E-02  0.8686E-02  0.1090E-01  0.1308E-01  0.1490E-01
  0.1605E-01  0.1635E-01  0.1589E-01  0.1501E-01  0.1418E-01  0.1385E-01
  0.1576E-01  0.1590E-01  0.1619E-01  0.1636E-01  0.1612E-01  0.1528E-01
  0.1383E-01  0.1195E-01  0.9871E-02  0.7849E-02  0.6049E-02  0.4550E-02
  0.3359E-02  0.2442E-02  0.1753E-02  0.1261E-02  0.9622E-03  0.8803E-03
  0.1055E-02  0.1514E-02  0.2233E-02  0.3107E-02  0.3945E-02  0.4517E-02
  0.4645E-02  0.4297E-02  0.3623E-02  0.2898E-02  0.2388E-02  0.2208E-02
  0.2276E-02  0.2390E-02  0.2390E-02  0.2276E-02  0.2208E-02  0.2388E-02
  0.2898E-02  0.3623E-02  0.4297E-02  0.4645E-02  0.4517E-02  0.3945E-02
  0.3107E-02  0.2233E-02  0.1514E-02  0.1055E-02  0.8803E-03  0.9622E-03
  0.1261E-02  0.1753E-02  0.2442E-02  0.3359E-02  0.4550E-02  0.6049E-02
  0.7849E-02  0.9871E-02  0.1195E-01  0.1383E-01  0.1528E-01  0.1612E-01
  0.1636E-01  0.1619E-01  0.1590E-01  0.1576E-01  0.1635E-01  0.1634E-01
  0.1623E-01  0.1588E-01  0.1516E-01  0.1398E-01  0.1240E-01  0.1058E-01
  0.8695E-02  0.6920E-02  0.5366E-02  0.4079E-02  0.3054E-02  0.2259E-02
  0.1657E-02  0.1220E-02  0.9443E-03  0.8460E-03  0.9545E-03  0.1292E-02
  0.1844E-02  0.2539E-02  0.3241E-02  0.3782E-02  0.4031E-02  0.3954E-02
  0.3651E-02  0.3313E-02  0.3121E-02  0.3146E-02  0.3311E-02  0.3458E-02
  0.3458E-02  0.3311E-02  0.3146E-02  0.3121E-02  0.3313E-02  0.3651E-02
  0.3954E-02  0.4031E-02  0.3782E-02  0.3241E-02  0.2539E-02  0.1844E-02
  0.1292E-02  0.9545E-03  0.8460E-03  0.9443E-03  0.1220E-02  0.1657E-02
  0.2259E-02  0.3054E-02  0.4079E-02  0.5366E-02  0.6920E-02  0.8695E-02
  0.1058E-01  0.1240E-01  0.1398E-01  0.1516E-01  0.1588E-01  0.1623E-01
  0.1634E-01  0.1635E-01  0.1557E-01  0.1546E-01  0.1512E-01  0.1449E-01
  0.1353E-01  0.1225E-01  0.1073E-01  0.9082E-02  0.7457E-02  0.5963E-02
  0.4668E-02  0.3597E-02  0.2739E-02  0.2067E-02  0.1553E-02  0.1175E-02
  0.9279E-03  0.8232E-03  0.8805E-03  0.1117E-02  0.1526E-02  0.2063E-02
  0.2641E-02  0.3149E-02  0.3495E-02  0.3650E-02  0.3674E-02  0.3682E-02
  0.3782E-02  0.4002E-02  0.4268E-02  0.4451E-02  0.4451E-02  0.4268E-02
  0.4002E-02  0.3782E-02  0.3682E-02  0.3674E-02  0.3650E-02  0.3495E-02
  0.3149E-02  0.2641E-02  0.2063E-02  0.1526E-02  0.1117E-02  0.8805E-03
  0.8232E-03  0.9279E-03  0.1175E-02  0.1553E-02  0.2067E-02  0.2739E-02
  0.3597E-02  0.4668E-02  0.5963E-02  0.7457E-02  0.9082E-02  0.1073E-01
  0.1225E-01  0.1353E-01  0.1449E-01  0.1512E-01  0.1546E-01  0.1557E-01
  0.1374E-01  0.1360E-01  0.1318E-01  0.1247E-01  0.1149E-01  0.1029E-01
  0.8951E-02  0.7569E-02  0.6239E-02  0.5034E-02  0.3994E-02  0.3129E-02
  0.2429E-02  0.1875E-02  0.1445E-02  0.1126E-02  0.9130E-03  0.8118E-03
  0.8353E-03  0.9951E-03  0.1291E-02  0.1699E-02  0.2169E-02  0.2636E-02
  0.3040E-02  0.3361E-02  0.3627E-02  0.3897E-02  0.4221E-02  0.4592E-02
  0.4935E-02  0.5146E-02  0.5146E-02  0.4935E-02  0.4592E-02  0.4221E-02
  0.3897E-02  0.3627E-02  0.3361E-02  0.3040E-02  0.2636E-02  0.2169E-02
  0.1699E-02  0.1291E-02  0.9951E-03  0.8353E-03  0.8118E-03  0.9130E-03
  0.1126E-02  0.1445E-02  0.1875E-02  0.2429E-02  0.3129E-02  0.3994E-02
  0.5034E-02  0.6239E-02  0.7569E-02  0.8951E-02  0.1029E-01  0.1149E-01
  0.1247E-01  0.1318E-01  0.1360E-01  0.1374E-01  0.1137E-01  0.1124E-01
  0.1083E-01  0.1019E-01  0.9330E-02  0.8323E-02  0.7237E-02  0.6145E-02
  0.5111E-02  0.4179E-02  0.3370E-02  0.2691E-02  0.2134E-02  0.1687E-02
  0.1337E-02  0.1076E-02  0.8990E-03  0.8099E-03  0.8154E-03  0.9231E-03
  0.1135E-02  0.1443E-02  0.1822E-02  0.2237E-02  0.2656E-02  0.3064E-02
  0.3471E-02  0.3898E-02  0.4354E-02  0.4808E-02  0.5190E-02  0.5411E-02
  0.5411E-02  0.5190E-02  0.4808E-02  0.4354E-02  0.3898E-02  0.3471E-02
  0.3064E-02  0.2656E-02  0.2237E-02  0.1822E-02  0.1443E-02  0.1135E-02
  0.9231E-03  0.8154E-03  0.8099E-03  0.8990E-03  0.1076E-02  0.1337E-02
  0.1687E-02  0.2134E-02  0.2691E-02  0.3370E-02  0.4179E-02  0.5111E-02
  0.6145E-02  0.7237E-02  0.8323E-02  0.9330E-02  0.1019E-01  0.1083E-01
  0.1124E-01  0.1137E-01  0.8924E-02  0.8812E-02  0.8484E-02  0.7964E-02
  0.7292E-02  0.6518E-02  0.5699E-02  0.4884E-02  0.4116E-02  0.3421E-02
  0.2813E-02  0.2294E-02  0.1862E-02  0.1510E-02  0.1233E-02  0.1025E-02
  0.8859E-03  0.8146E-03  0.8147E-03  0.8908E-03  0.1046E-02  0.1279E-02
  0.1581E-02  0.1937E-02  0.2333E-02  0.2759E-02  0.3213E-02  0.3695E-02
  0.4192E-02  0.4661E-02  0.5037E-02  0.5248E-02  0.5248E-02  0.5037E-02
  0.4661E-02  0.4192E-02  0.3695E-02  0.3213E-02  0.2759E-02  0.2333E-02
  0.1937E-02  0.1581E-02  0.1279E-02  0.1046E-02  0.8908E-03  0.8147E-03
  0.8146E-03  0.8859E-03  0.1025E-02  0.1233E-02  0.1510E-02  0.1862E-02
  0.2294E-02  0.2813E-02  0.3421E-02  0.4116E-02  0.4884E-02  0.5699E-02
  0.6518E-02  0.7292E-02  0.7964E-02  0.8484E-02  0.8812E-02  0.8924E-02
  0.6716E-02  0.6633E-02  0.6393E-02  0.6014E-02  0.5530E-02  0.4978E-02
  0.4396E-02  0.3818E-02  0.3271E-02  0.2772E-02  0.2327E-02  0.1942E-02
  0.1616E-02  0.1347E-02  0.1135E-02  0.9778E-03  0.8742E-03  0.8237E-03
  0.8272E-03  0.8868E-03  0.1005E-02  0.1185E-02  0.1424E-02  0.1721E-02
  0.2068E-02  0.2461E-02  0.2893E-02  0.3355E-02  0.3821E-02  0.4250E-02
  0.4586E-02  0.4771E-02  0.4771E-02  0.4586E-02  0.4250E-02  0.3821E-02
  0.3355E-02  0.2893E-02  0.2461E-02  0.2068E-02  0.1721E-02  0.1424E-02
  0.1185E-02  0.1005E-02  0.8868E-03  0.8272E-03  0.8237E-03  0.8742E-03
  0.9778E-03  0.1135E-02  0.1347E-02  0.1616E-02  0.1942E-02  0.2327E-02
  0.2772E-02  0.3271E-02  0.3818E-02  0.4396E-02  0.4978E-02  0.5530E-02
  0.6014E-02  0.6393E-02  0.6633E-02  0.6716E-02  0.4891E-02  0.4836E-02
  0.4674E-02  0.4421E-02  0.4098E-02  0.3729E-02  0.3339E-02  0.2949E-02
  0.2575E-02  0.2229E-02  0.1915E-02  0.1638E-02  0.1400E-02  0.1203E-02
  0.1048E-02  0.9354E-03  0.8651E-03  0.8361E-03  0.8478E-03  0.9011E-03
  0.9977E-03  0.1140E-02  0.1332E-02  0.1572E-02  0.1861E-02  0.2195E-02
  0.2566E-02  0.2962E-02  0.3358E-02  0.3716E-02  0.3993E-02  0.4144E-02
  0.4144E-02  0.3993E-02  0.3716E-02  0.3358E-02  0.2962E-02  0.2566E-02
  0.2195E-02  0.1861E-02  0.1572E-02  0.1332E-02  0.1140E-02  0.9977E-03
  0.9011E-03  0.8478E-03  0.8361E-03  0.8651E-03  0.9354E-03  0.1048E-02
  0.1203E-02  0.1400E-02  0.1638E-02  0.1915E-02  0.2229E-02  0.2575E-02
  0.2949E-02  0.3339E-02  0.3729E-02  0.4098E-02  0.4421E-02  0.4674E-02
  0.4836E-02  0.4891E-02  0.3467E-02  0.3433E-02  0.3335E-02  0.3180E-02
  0.2981E-02  0.2752E-02  0.2507E-02  0.2258E-02  0.2015E-02  0.1785E-02
  0.1573E-02  0.1382E-02  0.1217E-02  0.1080E-02  0.9744E-03  0.9011E-03
  0.8605E-03  0.8515E-03  0.8735E-03  0.9262E-03  0.1011E-02  0.1129E-02
  0.1284E-02  0.1478E-02  0.1710E-02  0.1978E-02  0.2277E-02  0.2593E-02
  0.2906E-02  0.3185E-02  0.3398E-02  0.3514E-02  0.3514E-02  0.3398E-02
  0.3185E-02  0.2906E-02  0.2593E-02  0.2277E-02  0.1978E-02  0.1710E-02
  0.1478E-02  0.1284E-02  0.1129E-02  0.1011E-02  0.9262E-03  0.8735E-03
  0.8515E-03  0.8605E-03  0.9011E-03  0.9744E-03  0.1080E-02  0.1217E-02
  0.1382E-02  0.1573E-02  0.1785E-02  0.2015E-02  0.2258E-02  0.2507E-02
  0.2752E-02  0.2981E-02  0.3180E-02  0.3335E-02  0.3433E-02  0.3467E-02
  0.2398E-02  0.2380E-02  0.2327E-02  0.2243E-02  0.2134E-02  0.2005E-02
  0.1865E-02  0.1719E-02  0.1572E-02  0.1430E-02  0.1297E-02  0.1175E-02
  0.1069E-02  0.9826E-03  0.9182E-03  0.8779E-03  0.8623E-03  0.8708E-03
  0.9027E-03  0.9576E-03  0.1036E-02  0.1139E-02  0.1268E-02  0.1424E-02
  0.1609E-02  0.1820E-02  0.2051E-02  0.2292E-02  0.2528E-02  0.2736E-02
  0.2893E-02  0.2978E-02  0.2978E-02  0.2893E-02  0.2736E-02  0.2528E-02
  0.2292E-02  0.2051E-02  0.1820E-02  0.1609E-02  0.1424E-02  0.1268E-02
  0.1139E-02  0.1036E-02  0.9576E-03  0.9027E-03  0.8708E-03  0.8623E-03
  0.8779E-03  0.9182E-03  0.9826E-03  0.1069E-02  0.1175E-02  0.1297E-02
  0.1430E-02  0.1572E-02  0.1719E-02  0.1865E-02  0.2005E-02  0.2134E-02
  0.2243E-02  0.2327E-02  0.2380E-02  0.2398E-02  0.1633E-02  0.1625E-02
  0.1601E-02  0.1563E-02  0.1513E-02  0.1452E-02  0.1384E-02  0.1310E-02
  0.1234E-02  0.1158E-02  0.1084E-02  0.1017E-02  0.9584E-03  0.9124E-03
  0.8817E-03  0.8680E-03  0.8724E-03  0.8949E-03  0.9352E-03  0.9928E-03
  0.1068E-02  0.1160E-02  0.1271E-02  0.1401E-02  0.1550E-02  0.1715E-02
  0.1892E-02  0.2073E-02  0.2247E-02  0.2399E-02  0.2512E-02  0.2572E-02
  0.2572E-02  0.2512E-02  0.2399E-02  0.2247E-02  0.2073E-02  0.1892E-02
  0.1715E-02  0.1550E-02  0.1401E-02  0.1271E-02  0.1160E-02  0.1068E-02
  0.9928E-03  0.9352E-03  0.8949E-03  0.8724E-03  0.8680E-03  0.8817E-03
  0.9124E-03  0.9584E-03  0.1017E-02  0.1084E-02  0.1158E-02  0.1234E-02
  0.1310E-02  0.1384E-02  0.1452E-02  0.1513E-02  0.1563E-02  0.1601E-02
  0.1625E-02  0.1633E-02  0.1151E-02  0.1147E-02  0.1136E-02  0.1119E-02
  0.1098E-02  0.1074E-02  0.1048E-02  0.1020E-02  0.9914E-03  0.9619E-03
  0.9330E-03  0.9066E-03  0.8850E-03  0.8707E-03  0.8660E-03  0.8729E-03
  0.8924E-03  0.9253E-03  0.9716E-03  0.1031E-02  0.1104E-02  0.1189E-02
  0.1288E-02  0.1398E-02  0.1521E-02  0.1653E-02  0.1790E-02  0.1928E-02
  0.2057E-02  0.2167E-02  0.2248E-02  0.2291E-02  0.2291E-02  0.2248E-02
  0.2167E-02  0.2057E-02  0.1928E-02  0.1790E-02  0.1653E-02  0.1521E-02
  0.1398E-02  0.1288E-02  0.1189E-02  0.1104E-02  0.1031E-02  0.9716E-03
  0.9253E-03  0.8924E-03  0.8729E-03  0.8660E-03  0.8707E-03  0.8850E-03
  0.9066E-03  0.9330E-03  0.9619E-03  0.9914E-03  0.1020E-02  0.1048E-02
  0.1074E-02  0.1098E-02  0.1119E-02  0.1136E-02  0.1147E-02  0.1151E-02
  0.9783E-03  0.9719E-03  0.9543E-03  0.9299E-03  0.9039E-03  0.8808E-03
  0.8632E-03  0.8515E-03  0.8450E-03  0.8420E-03  0.8416E-03  0.8435E-03
  0.8483E-03  0.8571E-03  0.8716E-03  0.8932E-03  0.9234E-03  0.9631E-03
  0.1013E-02  0.1073E-02  0.1143E-02  0.1223E-02  0.1312E-02  0.1408E-02
  0.1512E-02  0.1620E-02  0.1730E-02  0.1837E-02  0.1935E-02  0.2018E-02
  0.2077E-02  0.2109E-02  0.2109E-02  0.2077E-02  0.2018E-02  0.1935E-02
  0.1837E-02  0.1730E-02  0.1620E-02  0.1512E-02  0.1408E-02  0.1312E-02
  0.1223E-02  0.1143E-02  0.1073E-02  0.1013E-02  0.9631E-03  0.9234E-03
  0.8932E-03  0.8716E-03  0.8571E-03  0.8483E-03  0.8435E-03  0.8416E-03
  0.8420E-03  0.8450E-03  0.8515E-03  0.8632E-03  0.8808E-03  0.9039E-03
  0.9299E-03  0.9543E-03  0.9719E-03  0.9783E-03  0.1181E-02  0.1163E-02
  0.1114E-02  0.1044E-02  0.9687E-03  0.9008E-03  0.8489E-03  0.8164E-03
  0.8019E-03  0.8016E-03  0.8112E-03  0.8272E-03  0.8474E-03  0.8709E-03
  0.8978E-03  0.9292E-03  0.9660E-03  0.1009E-02  0.1060E-02  0.1119E-02
  0.1186E-02  0.1260E-02  0.1341E-02  0.1427E-02  0.1516E-02  0.1608E-02
  0.1698E-02  0.1784E-02  0.1861E-02  0.1924E-02  0.1970E-02  0.1993E-02
  0.1993E-02  0.1970E-02  0.1924E-02  0.1861E-02  0.1784E-02  0.1698E-02
  0.1608E-02  0.1516E-02  0.1427E-02  0.1341E-02  0.1260E-02  0.1186E-02
  0.1119E-02  0.1060E-02  0.1009E-02  0.9660E-03  0.9292E-03  0.8978E-03
  0.8709E-03  0.8474E-03  0.8272E-03  0.8112E-03  0.8016E-03  0.8019E-03
  0.8164E-03  0.8489E-03  0.9008E-03  0.9687E-03  0.1044E-02  0.1114E-02
  0.1163E-02  0.1181E-02  0.1824E-02  0.1784E-02  0.1673E-02  0.1513E-02
  0.1335E-02  0.1168E-02  0.1030E-02  0.9319E-03  0.8728E-03  0.8465E-03
  0.8444E-03  0.8583E-03  0.8819E-03  0.9112E-03  0.9442E-03  0.9804E-03
  0.1020E-02  0.1064E-02  0.1114E-02  0.1170E-02  0.1233E-02  0.1301E-02
  0.1374E-02  0.1451E-02  0.1529E-02  0.1607E-02  0.1683E-02  0.1753E-02
  0.1815E-02  0.1866E-02  0.1901E-02  0.1920E-02  0.1920E-02  0.1901E-02
  0.1866E-02  0.1815E-02  0.1753E-02  0.1683E-02  0.1607E-02  0.1529E-02
  0.1451E-02  0.1374E-02  0.1301E-02  0.1233E-02  0.1170E-02  0.1114E-02
  0.1064E-02  0.1020E-02  0.9804E-03  0.9442E-03  0.9112E-03  0.8819E-03
  0.8583E-03  0.8444E-03  0.8465E-03  0.8728E-03  0.9319E-03  0.1030E-02
  0.1168E-02  0.1335E-02  0.1513E-02  0.1673E-02  0.1784E-02  0.1824E-02
  0.2909E-02  0.2837E-02  0.2634E-02  0.2342E-02  0.2010E-02  0.1689E-02
  0.1414E-02  0.1206E-02  0.1064E-02  0.9818E-03  0.9446E-03  0.9387E-03
  0.9527E-03  0.9783E-03  0.1010E-02  0.1047E-02  0.1086E-02  0.1129E-02
  0.1176E-02  0.1227E-02  0.1284E-02  0.1346E-02  0.1411E-02  0.1478E-02
  0.1546E-02  0.1613E-02  0.1677E-02  0.1736E-02  0.1787E-02  0.1828E-02
  0.1856E-02  0.1871E-02  0.1871E-02  0.1856E-02  0.1828E-02  0.1787E-02
  0.1736E-02  0.1677E-02  0.1613E-02  0.1546E-02  0.1478E-02  0.1411E-02
  0.1346E-02  0.1284E-02  0.1227E-02  0.1176E-02  0.1129E-02  0.1086E-02
  0.1047E-02  0.1010E-02  0.9783E-03  0.9527E-03  0.9387E-03  0.9446E-03
  0.9818E-03  0.1064E-02  0.1206E-02  0.1414E-02  0.1689E-02  0.2010E-02
  0.2342E-02  0.2634E-02  0.2837E-02  0.2909E-02  0.4306E-02  0.4195E-02
  0.3886E-02  0.3435E-02  0.2919E-02  0.2413E-02  0.1970E-02  0.1621E-02
  0.1370E-02  0.1207E-02  0.1114E-02  0.1071E-02  0.1062E-02  0.1073E-02
  0.1097E-02  0.1128E-02  0.1163E-02  0.1201E-02  0.1244E-02  0.1290E-02
  0.1340E-02  0.1394E-02  0.1451E-02  0.1509E-02  0.1568E-02  0.1624E-02
  0.1678E-02  0.1726E-02  0.1768E-02  0.1802E-02  0.1826E-02  0.1838E-02
  0.1838E-02  0.1826E-02  0.1802E-02  0.1768E-02  0.1726E-02  0.1678E-02
  0.1624E-02  0.1568E-02  0.1509E-02  0.1451E-02  0.1394E-02  0.1340E-02
  0.1290E-02  0.1244E-02  0.1201E-02  0.1163E-02  0.1128E-02  0.1097E-02
  0.1073E-02  0.1062E-02  0.1071E-02  0.1114E-02  0.1207E-02  0.1370E-02
  0.1621E-02  0.1970E-02  0.2413E-02  0.2919E-02  0.3435E-02  0.3886E-02
  0.4195E-02  0.4306E-02  0.5722E-02  0.5577E-02  0.5168E-02  0.4573E-02
  0.3889E-02  0.3212E-02  0.2612E-02  0.2127E-02  0.1764E-02  0.1512E-02
  0.1351E-02  0.1258E-02  0.1212E-02  0.1198E-02  0.1205E-02  0.1224E-02
  0.1251E-02  0.1282E-02  0.1318E-02  0.1357E-02  0.1400E-02  0.1446E-02
  0.1494E-02  0.1543E-02  0.1592E-02  0.1639E-02  0.1683E-02  0.1723E-02
  0.1757E-02  0.1785E-02  0.1804E-02  0.1814E-02  0.1814E-02  0.1804E-02
  0.1785E-02  0.1757E-02  0.1723E-02  0.1683E-02  0.1639E-02  0.1592E-02
  0.1543E-02  0.1494E-02  0.1446E-02  0.1400E-02  0.1357E-02  0.1318E-02
  0.1282E-02  0.1251E-02  0.1224E-02  0.1205E-02  0.1198E-02  0.1212E-02
  0.1258E-02  0.1351E-02  0.1512E-02  0.1764E-02  0.2127E-02  0.2612E-02
  0.3212E-02  0.3889E-02  0.4573E-02  0.5168E-02  0.5577E-02  0.5722E-02
  0.6750E-02  0.6585E-02  0.6120E-02  0.5444E-02  0.4669E-02  0.3899E-02
  0.3211E-02  0.2643E-02  0.2202E-02  0.1878E-02  0.1650E-02  0.1499E-02
  0.1406E-02  0.1356E-02  0.1336E-02  0.1336E-02  0.1349E-02  0.1370E-02
  0.1397E-02  0.1428E-02  0.1462E-02  0.1499E-02  0.1538E-02  0.1578E-02
  0.1618E-02  0.1656E-02  0.1692E-02  0.1724E-02  0.1752E-02  0.1774E-02
  0.1790E-02  0.1798E-02  0.1798E-02  0.1790E-02  0.1774E-02  0.1752E-02
  0.1724E-02  0.1692E-02  0.1656E-02  0.1618E-02  0.1578E-02  0.1538E-02
  0.1499E-02  0.1462E-02  0.1428E-02  0.1397E-02  0.1370E-02  0.1349E-02
  0.1336E-02  0.1336E-02  0.1356E-02  0.1406E-02  0.1499E-02  0.1650E-02
  0.1878E-02  0.2202E-02  0.2643E-02  0.3211E-02  0.3899E-02  0.4669E-02
  0.5444E-02  0.6120E-02  0.6585E-02  0.6750E-02  0.7008E-02  0.6847E-02
  0.6398E-02  0.5749E-02  0.5012E-02  0.4286E-02  0.3634E-02  0.3084E-02
  0.2636E-02  0.2279E-02  0.2001E-02  0.1792E-02  0.1643E-02  0.1546E-02
  0.1490E-02  0.1463E-02  0.1457E-02  0.1464E-02  0.1480E-02  0.1500E-02
  0.1525E-02  0.1553E-02  0.1582E-02  0.1613E-02  0.1644E-02  0.1674E-02
  0.1703E-02  0.1729E-02  0.1751E-02  0.1769E-02  0.1781E-02  0.1788E-02
  0.1788E-02  0.1781E-02  0.1769E-02  0.1751E-02  0.1729E-02  0.1703E-02
  0.1674E-02  0.1644E-02  0.1613E-02  0.1582E-02  0.1553E-02  0.1525E-02
  0.1500E-02  0.1480E-02  0.1464E-02  0.1457E-02  0.1463E-02  0.1490E-02
  0.1546E-02  0.1643E-02  0.1792E-02  0.2001E-02  0.2279E-02  0.2636E-02
  0.3084E-02  0.3634E-02  0.4286E-02  0.5012E-02  0.5749E-02  0.6398E-02
  0.6847E-02  0.7008E-02  0.6320E-02  0.6192E-02  0.5838E-02  0.5340E-02
  0.4793E-02  0.4270E-02  0.3805E-02  0.3397E-02  0.3032E-02  0.2698E-02
  0.2396E-02  0.2134E-02  0.1924E-02  0.1769E-02  0.1666E-02  0.1604E-02
  0.1573E-02  0.1562E-02  0.1564E-02  0.1573E-02  0.1588E-02  0.1606E-02
  0.1626E-02  0.1648E-02  0.1671E-02  0.1694E-02  0.1715E-02  0.1735E-02
  0.1753E-02  0.1767E-02  0.1777E-02  0.1782E-02  0.1782E-02  0.1777E-02
  0.1767E-02  0.1753E-02  0.1735E-02  0.1715E-02  0.1694E-02  0.1671E-02
  0.1648E-02  0.1626E-02  0.1606E-02  0.1588E-02  0.1573E-02  0.1564E-02
  0.1562E-02  0.1573E-02  0.1604E-02  0.1666E-02  0.1769E-02  0.1924E-02
  0.2134E-02  0.2396E-02  0.2698E-02  0.3032E-02  0.3397E-02  0.3805E-02
  0.4270E-02  0.4793E-02  0.5340E-02  0.5838E-02  0.6192E-02  0.6320E-02
  0.4843E-02  0.4768E-02  0.4571E-02  0.4321E-02  0.4085E-02  0.3898E-02
  0.3747E-02  0.3590E-02  0.3390E-02  0.3130E-02  0.2828E-02  0.2521E-02
  0.2244E-02  0.2021E-02  0.1861E-02  0.1756E-02  0.1695E-02  0.1662E-02
  0.1648E-02  0.1645E-02  0.1648E-02  0.1656E-02  0.1667E-02  0.1681E-02
  0.1697E-02  0.1713E-02  0.1729E-02  0.1744E-02  0.1757E-02  0.1768E-02
  0.1775E-02  0.1779E-02  0.1779E-02  0.1775E-02  0.1768E-02  0.1757E-02
  0.1744E-02  0.1729E-02  0.1713E-02  0.1697E-02  0.1681E-02  0.1667E-02
  0.1656E-02  0.1648E-02  0.1645E-02  0.1648E-02  0.1662E-02  0.1695E-02
  0.1756E-02  0.1861E-02  0.2021E-02  0.2244E-02  0.2521E-02  0.2828E-02
  0.3130E-02  0.3390E-02  0.3590E-02  0.3747E-02  0.3898E-02  0.4085E-02
  0.4321E-02  0.4571E-02  0.4768E-02  0.4843E-02  0.3037E-02  0.3021E-02
  0.3001E-02  0.3031E-02  0.3153E-02  0.3359E-02  0.3582E-02  0.3733E-02
  0.3740E-02  0.3583E-02  0.3294E-02  0.2941E-02  0.2592E-02  0.2293E-02
  0.2068E-02  0.1914E-02  0.1817E-02  0.1760E-02  0.1728E-02  0.1712E-02
  0.1704E-02  0.1703E-02  0.1706E-02  0.1712E-02  0.1721E-02  0.1731E-02
  0.1742E-02  0.1752E-02  0.1762E-02  0.1770E-02  0.1775E-02  0.1778E-02
  0.1778E-02  0.1775E-02  0.1770E-02  0.1762E-02  0.1752E-02  0.1742E-02
  0.1731E-02  0.1721E-02  0.1712E-02  0.1706E-02  0.1703E-02  0.1704E-02
  0.1712E-02  0.1728E-02  0.1760E-02  0.1817E-02  0.1914E-02  0.2068E-02
  0.2293E-02  0.2592E-02  0.2941E-02  0.3294E-02  0.3583E-02  0.3740E-02
  0.3733E-02  0.3582E-02  0.3359E-02  0.3153E-02  0.3031E-02  0.3001E-02
  0.3021E-02  0.3037E-02  0.1463E-02  0.1497E-02  0.1623E-02  0.1893E-02
  0.2332E-02  0.2896E-02  0.3470E-02  0.3914E-02  0.4121E-02  0.4061E-02
  0.3782E-02  0.3378E-02  0.2950E-02  0.2571E-02  0.2276E-02  0.2069E-02
  0.1934E-02  0.1852E-02  0.1802E-02  0.1772E-02  0.1754E-02  0.1744E-02
  0.1739E-02  0.1739E-02  0.1742E-02  0.1747E-02  0.1754E-02  0.1761E-02
  0.1767E-02  0.1772E-02  0.1776E-02  0.1778E-02  0.1778E-02  0.1776E-02
  0.1772E-02  0.1767E-02  0.1761E-02  0.1754E-02  0.1747E-02  0.1742E-02
  0.1739E-02  0.1739E-02  0.1744E-02  0.1754E-02  0.1772E-02  0.1802E-02
  0.1852E-02  0.1934E-02  0.2069E-02  0.2276E-02  0.2571E-02  0.2950E-02
  0.3378E-02  0.3782E-02  0.4061E-02  0.4121E-02  0.3914E-02  0.3470E-02
  0.2896E-02  0.2332E-02  0.1893E-02  0.1623E-02  0.1497E-02  0.1463E-02
  0.5117E-03  0.5729E-03  0.7855E-03  0.1207E-02  0.1861E-02  0.2681E-02
  0.3515E-02  0.4181E-02  0.4539E-02  0.4546E-02  0.4260E-02  0.3799E-02
  0.3292E-02  0.2832E-02  0.2469E-02  0.2210E-02  0.2039E-02  0.1932E-02
  0.1865E-02  0.1824E-02  0.1796E-02  0.1778E-02  0.1767E-02  0.1762E-02
  0.1760E-02  0.1761E-02  0.1764E-02  0.1768E-02  0.1772E-02  0.1775E-02
  0.1777E-02  0.1779E-02  0.1779E-02  0.1777E-02  0.1775E-02  0.1772E-02
  0.1768E-02  0.1764E-02  0.1761E-02  0.1760E-02  0.1762E-02  0.1767E-02
  0.1778E-02  0.1796E-02  0.1824E-02  0.1865E-02  0.1932E-02  0.2039E-02
  0.2210E-02  0.2469E-02  0.2832E-02  0.3292E-02  0.3799E-02  0.4260E-02
  0.4546E-02  0.4539E-02  0.4181E-02  0.3515E-02  0.2681E-02  0.1861E-02
  0.1207E-02  0.7855E-03  0.5729E-03  0.5117E-03  0.2143E-03  0.2825E-03
  0.5221E-03  0.1004E-02  0.1760E-02  0.2718E-02  0.3703E-02  0.4500E-02
  0.4945E-02  0.4983E-02  0.4675E-02  0.4158E-02  0.3578E-02  0.3048E-02
  0.2627E-02  0.2324E-02  0.2122E-02  0.1994E-02  0.1914E-02  0.1863E-02
  0.1828E-02  0.1804E-02  0.1789E-02  0.1779E-02  0.1774E-02  0.1772E-02
  0.1772E-02  0.1774E-02  0.1776E-02  0.1777E-02  0.1778E-02  0.1779E-02
  0.1779E-02  0.1778E-02  0.1777E-02  0.1776E-02  0.1774E-02  0.1772E-02
  0.1772E-02  0.1774E-02  0.1779E-02  0.1789E-02  0.1804E-02  0.1828E-02
  0.1863E-02  0.1914E-02  0.1994E-02  0.2122E-02  0.2324E-02  0.2627E-02
  0.3048E-02  0.3578E-02  0.4158E-02  0.4675E-02  0.4983E-02  0.4945E-02
  0.4500E-02  0.3703E-02  0.2718E-02  0.1760E-02  0.1004E-02  0.5221E-03
  0.2825E-03  0.2143E-03  0.2862E-03  0.3505E-03  0.5842E-03  0.1071E-02
  0.1854E-02  0.2863E-02  0.3912E-02  0.4768E-02  0.5250E-02  0.5293E-02
  0.4962E-02  0.4401E-02  0.3771E-02  0.3193E-02  0.2731E-02  0.2398E-02
  0.2176E-02  0.2034E-02  0.1945E-02  0.1887E-02  0.1848E-02  0.1821E-02
  0.1802E-02  0.1789E-02  0.1782E-02  0.1779E-02  0.1777E-02  0.1777E-02
  0.1778E-02  0.1778E-02  0.1779E-02  0.1779E-02  0.1779E-02  0.1779E-02
  0.1778E-02  0.1778E-02  0.1777E-02  0.1777E-02  0.1779E-02  0.1782E-02
  0.1789E-02  0.1802E-02  0.1821E-02  0.1848E-02  0.1887E-02  0.1945E-02
  0.2034E-02  0.2176E-02  0.2398E-02  0.2731E-02  0.3193E-02  0.3771E-02
  0.4401E-02  0.4962E-02  0.5293E-02  0.5250E-02  0.4768E-02  0.3912E-02
  0.2863E-02  0.1854E-02  0.1071E-02  0.5842E-03  0.3505E-03  0.2862E-03
  0.3641E-03  0.4255E-03  0.6525E-03  0.1135E-02  0.1919E-02  0.2938E-02
  0.4002E-02  0.4874E-02  0.5364E-02  0.5406E-02  0.5065E-02  0.4488E-02
  0.3839E-02  0.3243E-02  0.2767E-02  0.2424E-02  0.2194E-02  0.2048E-02
  0.1955E-02  0.1895E-02  0.1855E-02  0.1826E-02  0.1806E-02  0.1793E-02
  0.1785E-02  0.1781E-02  0.1779E-02  0.1779E-02  0.1779E-02  0.1779E-02
  0.1779E-02  0.1779E-02  0.1779E-02  0.1779E-02  0.1779E-02  0.1779E-02
  0.1779E-02  0.1779E-02  0.1781E-02  0.1785E-02  0.1793E-02  0.1806E-02
  0.1826E-02  0.1855E-02  0.1895E-02  0.1955E-02  0.2048E-02  0.2194E-02
  0.2424E-02  0.2767E-02  0.3243E-02  0.3839E-02  0.4488E-02  0.5065E-02
  0.5406E-02  0.5364E-02  0.4874E-02  0.4002E-02  0.2938E-02  0.1919E-02
  0.1135E-02  0.6525E-03  0.4255E-03  0.3641E-03
  0.0000  0.0000  0.0000
  1.0000  0.0000  0.0000
  0.0000  1.0000  0.0000
   5
  0.0000  0.0000  0.0000  1
  0.5000  0.5000  0.0000  1
  0.0000  0.5000  0.5000  1
  0.5000  0.0000  0.5000  1
  0.0000  0.5000  1.0000  1
  7.029781
    1.000000    0.000000    0.000000
    0.000000    1.000000    0.000000
    0.000000    0.000000    1.000000

